4.72482 22.3239 0.856716 0.293787
0.889702 0.791569 0.00688131 0.462243
1.12107 1.2568 0.823697 0.090367
9.45472 89.3916 0.867586 0.949929
3.55316 12.6249 0.785875 0.639938
0.683359 0.466979 0.333511 0.00971438
4.30161 18.5038 0.572576 0.255617
9.5177 90.5867 0.674577 0.149636
7.76759 60.3355 0.107999 0.401117
1.99973 3.99893 0.579281 0.193566
7.30443 53.3547 0.94824 0.0709625
8.22899 67.7163 0.650845 0.154286
9.32113 86.8835 0.186673 0.473565
5.48221 30.0546 0.0961459 0.357858
3.18831 10.1653 0.417948 0.041755
1.26364 1.5968 0.393123 0.356183
6.4564 41.685 0.994897 0.156686
4.07703 16.6222 0.586666 0.0238785
5.58973 31.2451 0.0164903 0.695525
6.87688 47.2914 0.397182 0.0374785
5.23672 27.4232 0.267476 0.346825
6.39583 40.9067 0.0820792 0.12343
4.34446 18.8744 0.457712 0.953993
9.2303 85.1985 0.812568 0.676489
0.810406 0.656758 0.0974599 0.612212
0.419589 0.176055 0.191273 0.343285
8.25316 68.1146 0.587066 0.845942
5.14914 26.5136 0.43394 0.957499
0.906701 0.822107 0.404117 0.363283
3.96605 15.7296 0.539525 0.869378
0.819013 0.670782 0.310219 0.873923
3.22215 10.3822 0.535401 0.628853
6.08754 37.0581 0.235731 0.519211
9.72908 94.655 0.898725 0.579497
5.70897 32.5924 0.915626 0.548244
3.721 13.8458 0.924719 0.45566
4.11927 16.9684 0.0700969 0.672076
9.61601 92.4676 0.681021 0.627851
6.09018 37.0903 0.666542 0.271846
8.98871 80.7969 0.316912 0.160281
4.77443 22.7952 0.188508 0.281524
4.63745 21.5059 0.925837 0.232488
4.60041 21.1637 0.504863 0.80893
6.25795 39.1619 0.112198 0.62907
6.16607 38.0204 0.728243 0.2345
9.20647 84.7591 0.764566 0.669687
9.20251 84.6862 0.643232 0.106158
1.48265 2.19826 0.900532 0.00506042
2.95331 8.72205 0.226582 0.0294411
3.40971 11.6261 0.344369 0.0491831
